Beginning 24000 episodes of Training
100 24000 -526.46 -526.46 2.69568705559
200 24000 -519.65 -512.84 2.48648691177
300 24000 -517.456666667 -513.07 2.51401495934
400 24000 -517.6925 -518.4 2.83801388741
500 24000 -517.012 -514.29 3.02014493942
600 24000 -516.805 -515.77 2.9795999527
700 24000 -516.407142857 -514.02 3.03294801712
800 24000 -516.7375 -519.05 2.73035311699
900 24000 -516.758888889 -516.93 3.20432090759
1000 24000 -516.426 -513.43 2.42992401123
1100 24000 -516.108181818 -512.93 2.43652391434
1200 24000 -516.450833333 -520.22 3.60167193413
1300 24000 -516.453846154 -516.49 2.85035514832
1400 24000 -516.345 -514.93 2.66693401337
1500 24000 -516.290666667 -515.53 2.77032995224
1600 24000 -516.124375 -513.63 3.20791816711
1700 24000 -516.008235294 -514.15 2.64368700981
1800 24000 -515.823333333 -512.68 2.51334691048
1900 24000 -515.907894737 -517.43 2.88250494003
2000 24000 -515.917 -516.09 2.78920197487
2100 24000 -515.989047619 -517.43 3.8295378685
2200 24000 -516.043636364 -517.19 2.83346700668
2300 24000 -515.984782609 -514.69 2.7027630806
2400 24000 -516.009166667 -516.57 2.73616290092
2500 24000 -515.9836 -515.37 11.361768961
2600 24000 -515.875 -513.16 2.53064608574
2700 24000 -515.954814815 -518.03 3.9004740715
2800 24000 -515.948571429 -515.78 2.65796804428
2900 24000 -515.847241379 -513.01 2.45713090897
3000 24000 -515.927 -518.24 2.86984109879
3100 24000 -515.853548387 -513.65 2.50646305084
3200 24000 -515.8403125 -515.43 2.62135601044
3300 24000 -515.895454545 -517.66 2.80588293076
3400 24000 -515.773529412 -511.75 2.43866896629
3500 24000 -515.743714286 -514.73 2.65812516212
3600 24000 -515.769444444 -516.67 2.74087285995
3700 24000 -515.791351351 -516.58 4.05109786987
3800 24000 -515.708947368 -512.66 2.43480181694
3900 24000 -515.646153846 -513.26 2.50923395157
4000 24000 -515.75475 -519.99 2.91630005836
4100 24000 -515.789268293 -517.17 2.74881005287
4200 24000 -515.877619048 -519.5 2.89024710655
4300 24000 -515.860232558 -515.13 2.67627596855
4400 24000 -515.804318182 -513.4 2.64161992073
4500 24000 -515.842666667 -517.53 2.84304499626
4600 24000 -515.872608696 -517.22 2.83316612244
4700 24000 -515.94106383 -519.09 2.99238014221
4800 24000 -515.924791667 -515.16 2.85416197777
4900 24000 -515.951836735 -517.25 19.3556880951
5000 24000 -515.9624 -516.48 2.86871910095
5100 24000 -516.010392157 -518.41 3.03674983978
5200 24000 -516.058653846 -518.52 3.19894886017
5300 24000 -516.020188679 -514.02 2.69198894501
5400 24000 -516.089814815 -519.78 3.80146718025
5500 24000 -516.156909091 -519.78 3.17760300636
5600 24000 -516.16 -516.33 3.59527897835
5700 24000 -516.127719298 -514.32 2.72799897194
5800 24000 -516.153793103 -517.64 3.52726006508
5900 24000 -516.250677966 -521.87 3.15862703323
6000 24000 -516.209333333 -513.77 3.36415219307
6100 24000 -516.214754098 -516.54 2.79990506172
6200 24000 -516.223064516 -516.73 3.56373405457
6300 24000 -516.21984127 -516.02 2.75009512901
6400 24000 -516.11234375 -509.34 3.8601629734
6500 24000 -516.086769231 -514.45 2.69584417343
6600 24000 -516.111515152 -517.72 2.96908307076
6700 24000 -516.135970149 -517.75 2.99920892715
6800 24000 -516.182647059 -519.31 3.55337190628
6900 24000 -516.114057971 -511.45 2.82327198982
7000 24000 -516.082 -513.87 2.98159694672
7100 24000 -516.090140845 -516.66 5.47696089745
7200 24000 -515.958888889 -506.64 2.93300795555
7300 24000 -515.951232877 -515.4 22.0972750187
7400 24000 -515.945945946 -515.56 3.25331711769
7500 24000 -515.7244 -499.33 2.79545712471
7600 24000 -515.267631579 -481.01 2.53280901909
7700 24000 -515.256493506 -514.41 3.35957312584
7800 24000 -515.156153846 -507.43 3.06816005707
7900 24000 -515.023291139 -504.66 2.7993581295
8000 24000 -514.999 -513.08 3.35739207268
8100 24000 -514.501358025 -474.69 2.75684213638
8200 24000 -513.868170732 -462.58 2.63651394844
8300 24000 -513.521445783 -485.09 2.90849089622
8400 24000 -512.272380952 -408.6 2.55001997948
8500 24000 -511.346470588 -433.57 2.82349896431
8600 24000 -510.506395349 -439.1 2.45896410942
8700 24000 -509.954367816 -462.48 3.03972291946
8800 24000 -509.639659091 -482.26 3.61943793297
8900 24000 -508.784157303 -433.5 2.88894104958
9000 24000 -507.434444444 -387.31 3.17568087578
9100 24000 -506.254725275 -400.08 2.56317281723
9200 24000 -504.880978261 -379.87 2.61479115486
9300 24000 -503.951612903 -418.45 2.55740094185
9400 24000 -502.715744681 -387.78 2.59717106819
9500 24000 -501.431263158 -380.69 5.39070296288
9600 24000 -499.878854167 -352.4 2.89299201965
9700 24000 -498.933092784 -408.14 25.2521429062
9800 24000 -497.907346939 -398.41 3.14380502701
9900 24000 -496.487575758 -357.35 2.68414902687
10000 24000 -495.067 -354.43 2.28168606758
10100 24000 -493.005148515 -286.82 3.62901902199
10200 24000 -491.038039216 -292.36 3.14411401749
10300 24000 -488.972038835 -278.24 3.11970186234
10400 24000 -486.862596154 -269.59 2.20865511894
10500 24000 -484.042571429 -190.76 2.44685697556
10600 24000 -481.590188679 -224.09 2.55955910683
10700 24000 -479.015046729 -206.05 2.71305704117
10800 24000 -476.588703704 -216.97 2.03999185562
10900 24000 -473.420458716 -131.25 2.35899090767
11000 24000 -470.567090909 -159.55 2.38893604279
11100 24000 -467.465585586 -126.3 2.02796316147
11200 24000 -464.749107143 -163.22 2.06910300255
11300 24000 -462.03840708 -158.44 2.45081400871
11400 24000 -460.233947368 -256.33 2.97131800652
11500 24000 -457.470086957 -142.39 2.61853098869
11600 24000 -454.811293103 -149.05 2.49617314339
11700 24000 -452.322905983 -163.67 2.75533604622
11800 24000 -449.721440678 -145.35 2.92720913887
11900 24000 -447.014789916 -127.63 2.21270608902
12000 24000 -444.712333333 -170.72 3.0795378685
12100 24000 -441.764958678 -88.08 33.6396710873
12200 24000 -439.223360656 -131.69 2.44447398186
12300 24000 -436.628861789 -120.1 2.23891401291
12400 24000 -434.520967742 -175.25 3.36660194397
12500 24000 -431.81584 -96.38 2.02854394913
12600 24000 -429.578412698 -149.9 2.20933699608
12700 24000 -427.127716535 -118.34 2.2453289032
12800 24000 -424.638671875 -108.53 2.11505222321
12900 24000 -422.359534884 -130.63 3.12047696114
13000 24000 -419.529 -54.39 2.02156710625
13100 24000 -417.051908397 -95.03 1.95084905624
13200 24000 -414.43780303 -71.99 1.73030519485
13300 24000 -411.527368421 -27.35 3.0016169548
13400 24000 -409.326567164 -116.62 2.04789805412
13500 24000 -406.556888889 -35.42 2.14446115494
13600 24000 -404.835882353 -172.5 3.08786296844
13700 24000 -402.274744526 -53.96 1.964594841
13800 24000 -399.294347826 9.02 1.82186818123
13900 24000 -396.732805755 -43.24 2.52818989754
14000 24000 -394.959571429 -148.48 2.43328094482
14100 24000 -392.928014184 -108.51 2.36383509636
14200 24000 -389.66528169 70.38 1.75483894348
14300 24000 -387.332727273 -56.11 2.9050951004
14400 24000 -384.9325 -41.7 1.82762813568
14500 24000 -382.760068966 -69.93 34.3879561424
14600 24000 -380.711027397 -83.6 1.90400195122
14700 24000 -378.371632653 -36.82 2.21897506714
14800 24000 -376.202432432 -57.33 2.68410897255
14900 24000 -373.973422819 -44.08 2.35592198372
15000 24000 -372.004133333 -78.58 2.23132801056
15100 24000 -369.291655629 37.58 2.72337603569
15200 24000 -366.762763158 15.1 2.02910280228
15300 24000 -364.518627451 -23.41 2.67952799797
15400 24000 -362.255324675 -15.97 2.04751110077
15500 24000 -360.565806452 -100.38 3.10421299934
15600 24000 -358.615576923 -56.33 2.20815396309
15700 24000 -356.37 -6.06 2.11411690712
15800 24000 -354.011329114 16.3 2.74576115608
15900 24000 -351.61490566 27.02 1.96831202507
16000 24000 -349.560125 -22.85 2.41139817238
16100 24000 -347.406273292 -2.79 2.16493296623
16200 24000 -345.237160494 3.99 2.11496496201
16300 24000 -343.26993865 -24.58 2.78960895538
16400 24000 -340.49304878 112.14 1.65931391716
16500 24000 -338.920242424 -80.98 3.22032499313
16600 24000 -336.95746988 -13.1 1.9126060009
16700 24000 -334.835149701 17.47 2.47577595711
16800 24000 -332.369583333 79.38 1.97146892548
16900 24000 -330.346863905 9.47 35.415199995
17000 24000 -327.710235294 117.88 2.01584219933
17100 24000 -325.255730994 92.01 1.69368004799
17200 24000 -322.966511628 68.49 1.8824930191
17300 24000 -320.145433526 165.08 2.29552507401
17400 24000 -317.944655172 62.79 1.64467191696
17500 24000 -316.1428 -2.62 1.87801790237
17600 24000 -314.194545455 26.75 2.02373719215
17700 24000 -312.911694915 -87.13 2.19072389603
17800 24000 -311.044719101 19.41 2.57787489891
17900 24000 -309.144804469 29.04 1.87355113029
18000 24000 -307.391666667 6.42 1.91830396652
18100 24000 -305.81198895 -21.47 2.43551301956
18200 24000 -303.800604396 60.26 2.10619783401
18300 24000 -302.14579235 -0.97 1.70433688164
18400 24000 -300.061521739 81.36 1.69855904579
18500 24000 -297.892594595 101.19 2.21301007271
18600 24000 -295.712043011 107.69 2.41556620598
18700 24000 -293.595080214 100.16 1.80674695969
18800 24000 -291.38393617 122.1 1.75869417191
18900 24000 -289.857883598 -2.96 2.67388701439
19000 24000 -288.387473684 -10.48 1.72106003761
19100 24000 -287.00617801 -24.56 2.04779911041
19200 24000 -285.148802083 69.61 1.8011341095
19300 24000 -283.252279793 80.88 36.1204791069
19400 24000 -281.860876289 -13.32 1.95370697975
19500 24000 -280.325487179 17.54 2.22965908051
19600 24000 -278.802091837 18.26 2.4074780941
19700 24000 -276.939340102 88.16 1.91083693504
19800 24000 -275.132878788 80.74 1.83669400215
19900 24000 -272.98678392 151.94 1.78109288216
20000 24000 -271.01805 120.76 1.81559681892
20100 24000 -269.183233831 97.78 2.03714585304
20200 24000 -267.099059406 151.82 1.80071091652
20300 24000 -265.427832512 72.16 2.34208989143
20400 24000 -263.437843137 140.53 1.84399604797
20500 24000 -261.102829268 215.24 1.55690717697
20600 24000 -259.33815534 102.42 1.68873310089
20700 24000 -257.294492754 163.7 2.44904708862
20800 24000 -255.284278846 160.83 1.9046189785
20900 24000 -253.649090909 86.47 2.04468894005
21000 24000 -252.233238095 43.68 2.26474380493
21100 24000 -250.768151659 56.9 2.77466201782
21200 24000 -249.099433962 103.0 1.62385606766
21300 24000 -247.514835681 88.42 1.97115492821
21400 24000 -246.033504673 69.49 6.09020400047
21500 24000 -244.039162791 182.75 1.74053096771
21600 24000 -242.141851852 165.78 2.22629499435
21700 24000 -240.678479263 75.41 39.372661829
21800 24000 -238.876192661 152.22 1.72625017166
21900 24000 -237.174383562 133.82 1.77262806892
22000 24000 -235.070863636 225.6 2.21314406395
22100 24000 -233.69760181 68.42 1.876060009
22200 24000 -232.042342342 133.77 2.37491822243
22300 24000 -230.321390135 151.73 1.7975859642
22400 24000 -228.792857143 112.07 1.7662820816
22500 24000 -227.197555556 130.15 1.83954405785
22600 24000 -225.341769912 192.21 2.33337402344
22700 24000 -223.728237885 140.93 2.02081203461
22800 24000 -222.312763158 99.0 2.17323088646
22900 24000 -220.538384279 184.02 2.19071292877
23000 24000 -219.009521739 131.1 1.85708594322
23100 24000 -217.483419913 133.52 1.56729698181
23200 24000 -215.614612069 216.08 1.91744995117
23300 24000 -214.219527897 109.44 2.27018213272
23400 24000 -212.340769231 225.41 1.66636395454
23500 24000 -211.200340426 55.66 2.90572285652
23600 24000 -209.386398305 216.89 1.42736315727
23700 24000 -207.768227848 174.12 2.01138305664
23800 24000 -206.603319328 69.48 2.22551107407
23900 24000 -204.790794979 226.59 1.51266217232
24000 24000 -203.349166667 141.2 2.25172996521
Training Done (turning off epsilon and alpha)
---------------------------------------------
Pacman emerges victorious! Score: 523
Pacman emerges victorious! Score: 529
Pacman emerges victorious! Score: 527
Pacman emerges victorious! Score: 527
Pacman emerges victorious! Score: 529
Pacman emerges victorious! Score: 527
Pacman emerges victorious! Score: 529
Pacman emerges victorious! Score: 529
Pacman emerges victorious! Score: 529
Pacman emerges victorious! Score: 527
Pacman died! Score: -539
Pacman died! Score: -500
Pacman emerges victorious! Score: 529
Pacman emerges victorious! Score: 529
Pacman emerges victorious! Score: 529
Pacman emerges victorious! Score: 529
Pacman emerges victorious! Score: 529
Pacman emerges victorious! Score: 529
Pacman emerges victorious! Score: 529
Pacman emerges victorious! Score: 525
Pacman emerges victorious! Score: 529
Pacman emerges victorious! Score: 527
Pacman died! Score: -486
Pacman emerges victorious! Score: 525
Pacman emerges victorious! Score: 529
Pacman emerges victorious! Score: 527
Pacman emerges victorious! Score: 527
Pacman emerges victorious! Score: 529
Pacman died! Score: -526
Pacman emerges victorious! Score: 529
Pacman emerges victorious! Score: 527
Pacman died! Score: -507
Pacman emerges victorious! Score: 527
Pacman died! Score: -494
Pacman emerges victorious! Score: 529
Pacman emerges victorious! Score: 527
Pacman emerges victorious! Score: 527
Pacman died! Score: -529
Pacman emerges victorious! Score: 529
Pacman emerges victorious! Score: 527
Pacman emerges victorious! Score: 527
Pacman emerges victorious! Score: 529
Pacman emerges victorious! Score: 529
Pacman emerges victorious! Score: 527
Pacman emerges victorious! Score: 529
Pacman died! Score: -526
Pacman emerges victorious! Score: 529
Pacman emerges victorious! Score: 523
Pacman emerges victorious! Score: 529
Pacman emerges victorious! Score: 529
Pacman emerges victorious! Score: 529
Pacman emerges victorious! Score: 529
Pacman emerges victorious! Score: 529
Pacman emerges victorious! Score: 529
Pacman emerges victorious! Score: 525
Pacman emerges victorious! Score: 527
Pacman emerges victorious! Score: 527
Pacman emerges victorious! Score: 529
Pacman emerges victorious! Score: 527
Pacman emerges victorious! Score: 527
Pacman emerges victorious! Score: 529
Pacman died! Score: -502
Pacman emerges victorious! Score: 527
Pacman emerges victorious! Score: 527
Pacman emerges victorious! Score: 529
Pacman emerges victorious! Score: 529
Pacman emerges victorious! Score: 529
Pacman emerges victorious! Score: 527
Pacman emerges victorious! Score: 527
Pacman emerges victorious! Score: 529
Pacman emerges victorious! Score: 529
Pacman emerges victorious! Score: 527
Pacman died! Score: -511
Pacman died! Score: -512
Pacman emerges victorious! Score: 529
Pacman emerges victorious! Score: 527
Pacman emerges victorious! Score: 529
Pacman emerges victorious! Score: 527
Pacman emerges victorious! Score: 527
Pacman emerges victorious! Score: 529
Pacman emerges victorious! Score: 527
Pacman emerges victorious! Score: 527
Pacman died! Score: -491
Pacman emerges victorious! Score: 529
Pacman emerges victorious! Score: 527
Pacman emerges victorious! Score: 529
Pacman emerges victorious! Score: 527
Pacman died! Score: -552
Pacman emerges victorious! Score: 529
Pacman died! Score: -506
Pacman emerges victorious! Score: 529
Pacman emerges victorious! Score: 529
Pacman emerges victorious! Score: 529
Pacman emerges victorious! Score: 529
Pacman emerges victorious! Score: 525
Pacman died! Score: -519
Pacman emerges victorious! Score: 527
Pacman emerges victorious! Score: 527
Pacman died! Score: -552
Pacman emerges victorious! Score: 529
Average Score: 360.92
Scores:        523.0, 529.0, 527.0, 527.0, 529.0, 527.0, 529.0, 529.0, 529.0, 527.0, -539.0, -500.0, 529.0, 529.0, 529.0, 529.0, 529.0, 529.0, 529.0, 525.0, 529.0, 527.0, -486.0, 525.0, 529.0, 527.0, 527.0, 529.0, -526.0, 529.0, 527.0, -507.0, 527.0, -494.0, 529.0, 527.0, 527.0, -529.0, 529.0, 527.0, 527.0, 529.0, 529.0, 527.0, 529.0, -526.0, 529.0, 523.0, 529.0, 529.0, 529.0, 529.0, 529.0, 529.0, 525.0, 527.0, 527.0, 529.0, 527.0, 527.0, 529.0, -502.0, 527.0, 527.0, 529.0, 529.0, 529.0, 527.0, 527.0, 529.0, 529.0, 527.0, -511.0, -512.0, 529.0, 527.0, 529.0, 527.0, 527.0, 529.0, 527.0, 527.0, -491.0, 529.0, 527.0, 529.0, 527.0, -552.0, 529.0, -506.0, 529.0, 529.0, 529.0, 529.0, 525.0, -519.0, 527.0, 527.0, -552.0, 529.0
Win Rate:      84/100 (0.84)
Record:        Win, Win, Win, Win, Win, Win, Win, Win, Win, Win, Loss, Loss, Win, Win, Win, Win, Win, Win, Win, Win, Win, Win, Loss, Win, Win, Win, Win, Win, Loss, Win, Win, Loss, Win, Loss, Win, Win, Win, Loss, Win, Win, Win, Win, Win, Win, Win, Loss, Win, Win, Win, Win, Win, Win, Win, Win, Win, Win, Win, Win, Win, Win, Win, Loss, Win, Win, Win, Win, Win, Win, Win, Win, Win, Win, Loss, Loss, Win, Win, Win, Win, Win, Win, Win, Win, Loss, Win, Win, Win, Win, Loss, Win, Loss, Win, Win, Win, Win, Win, Loss, Win, Win, Loss, Win
