Beginning 24000 episodes of Training
100 24000 -520.49 -520.49 2.14752721786
200 24000 -517.545 -514.6 2.31330895424
300 24000 -517.363333333 -517.0 2.71156907082
400 24000 -516.67 -514.59 2.62067103386
500 24000 -516.808 -517.36 2.7191991806
600 24000 -516.791666667 -516.71 2.46788311005
700 24000 -516.445714286 -514.37 2.97607302666
800 24000 -516.53625 -517.17 2.63652205467
900 24000 -516.091111111 -512.53 3.00901603699
1000 24000 -516.179 -516.97 2.6717300415
1100 24000 -516.150909091 -515.87 2.52476906776
1200 24000 -516.041666667 -514.84 3.22345805168
1300 24000 -515.946153846 -514.8 2.4248790741
1400 24000 -516.063571429 -517.59 2.64804291725
1500 24000 -516.132 -517.09 2.55395483971
1600 24000 -515.93125 -512.92 3.04445385933
1700 24000 -515.926470588 -515.85 2.50892400742
1800 24000 -515.773888889 -513.18 2.23500680923
1900 24000 -515.661578947 -513.64 2.281291008
2000 24000 -515.6475 -515.38 2.51390194893
2100 24000 -515.646666667 -515.63 3.44122290611
2200 24000 -515.750454545 -517.93 2.69032096863
2300 24000 -515.837391304 -517.75 2.66258215904
2400 24000 -515.72 -513.02 2.41712093353
2500 24000 -515.52 -510.72 10.4244089127
2600 24000 -515.596923077 -517.52 2.72258019447
2700 24000 -515.69962963 -518.37 4.08558511734
2800 24000 -515.630357143 -513.76 2.46486997604
2900 24000 -515.577241379 -514.09 3.29544496536
3000 24000 -515.486 -512.84 2.3729569912
3100 24000 -515.34483871 -511.11 2.20482492447
3200 24000 -515.2825 -513.35 2.33618998528
3300 24000 -515.234242424 -513.69 2.49756407738
3400 24000 -515.158529412 -512.66 2.35102105141
3500 24000 -515.125142857 -513.99 2.47207999229
3600 24000 -515.014166667 -511.13 2.24403595924
3700 24000 -514.974594595 -513.55 4.69193696976
3800 24000 -515.053421053 -517.97 2.72775006294
3900 24000 -515.081794872 -516.16 2.78234219551
4000 24000 -515.11075 -516.24 3.24399995804
4100 24000 -515.055365854 -512.84 2.4156088829
4200 24000 -515.107619048 -517.25 3.47930598259
4300 24000 -515.050930233 -512.67 2.51381087303
4400 24000 -515.040227273 -514.58 3.0955247879
4500 24000 -514.949555556 -510.96 2.71964693069
4600 24000 -515.132173913 -523.35 3.2549059391
4700 24000 -515.242765957 -520.33 3.02705597878
4800 24000 -515.299583333 -517.97 2.88149809837
4900 24000 -515.267142857 -513.71 17.9658651352
5000 24000 -515.2588 -514.85 2.63919305801
5100 24000 -515.248431373 -514.73 2.63787889481
5200 24000 -515.266538462 -516.19 2.76528120041
5300 24000 -515.252830189 -514.54 3.60935091972
5400 24000 -515.327222222 -519.27 2.95702791214
5500 24000 -515.295454545 -513.58 2.53368496895
5600 24000 -515.243035714 -512.36 2.46056199074
5700 24000 -515.218245614 -513.83 2.90073895454
5800 24000 -515.273793103 -518.44 3.69372487068
5900 24000 -515.254237288 -514.12 2.61883497238
6000 24000 -515.217333333 -513.04 2.66502690315
6100 24000 -515.125245902 -509.6 2.39815711975
6200 24000 -515.10483871 -513.86 3.39768910408
6300 24000 -515.163968254 -518.83 2.88857698441
6400 24000 -515.2459375 -520.41 3.7977809906
6500 24000 -515.221538462 -513.66 2.54217100143
6600 24000 -515.283333333 -519.3 2.95065307617
6700 24000 -515.313880597 -517.33 3.4114382267
6800 24000 -515.293235294 -513.91 2.71414709091
6900 24000 -515.350869565 -519.27 2.92260694504
7000 24000 -515.272285714 -509.85 3.97840714455
7100 24000 -515.240140845 -512.99 2.54386901855
7200 24000 -515.272222222 -517.55 3.09918498993
7300 24000 -515.084931507 -501.6 23.1552250385
7400 24000 -515.103378378 -516.45 3.5621240139
7500 24000 -515.001466667 -507.46 2.95352220535
7600 24000 -515.045263158 -518.33 3.44789791107
7700 24000 -515.031688312 -514.0 3.00809884071
7800 24000 -514.933461538 -507.37 2.90692186356
7900 24000 -514.938860759 -515.36 3.5448050499
8000 24000 -514.995875 -519.5 3.33380389214
8100 24000 -514.973333333 -513.17 4.10920715332
8200 24000 -515.04902439 -521.18 3.16371798515
8300 24000 -515.146626506 -523.15 4.10562896729
8400 24000 -515.169642857 -517.08 2.83905696869
8500 24000 -515.270117647 -523.71 4.08746314049
8600 24000 -515.263488372 -514.7 3.57121515274
8700 24000 -515.302988506 -518.7 5.02228808403
8800 24000 -515.23875 -509.65 3.98712086678
8900 24000 -515.255393258 -516.72 2.9729950428
9000 24000 -515.237888889 -513.68 2.67872691154
9100 24000 -515.250769231 -516.41 2.77450895309
9200 24000 -515.274347826 -517.42 2.85494303703
9300 24000 -515.280322581 -515.83 2.76122117043
9400 24000 -515.287340426 -515.94 3.20296502113
9500 24000 -515.101473684 -497.63 3.19880509377
9600 24000 -514.997083333 -505.08 3.52277708054
9700 24000 -515.052164948 -520.34 28.4357631207
9800 24000 -514.822244898 -492.52 3.6278629303
9900 24000 -514.675858586 -500.33 3.35692095757
10000 24000 -514.6035 -507.44 4.11882209778
10100 24000 -514.533267327 -507.51 3.37685608864
10200 24000 -513.852843137 -445.13 3.1932220459
10300 24000 -513.859514563 -514.54 3.5414891243
10400 24000 -513.749807692 -502.45 2.92079305649
10500 24000 -513.552380952 -493.02 3.21332812309
10600 24000 -513.362075472 -493.38 3.49527001381
10700 24000 -513.068598131 -481.96 2.65216207504
10800 24000 -512.999259259 -505.58 3.67343306541
10900 24000 -512.588348624 -468.21 3.92464113235
11000 24000 -512.009363636 -448.9 2.45077395439
11100 24000 -511.807027027 -489.55 3.95660996437
11200 24000 -511.559285714 -484.06 3.54693198204
11300 24000 -511.236814159 -475.12 2.85146093369
11400 24000 -511.053157895 -490.3 3.27657198906
11500 24000 -510.745217391 -475.64 3.75524115562
11600 24000 -510.268017241 -455.39 3.0498509407
11700 24000 -509.825128205 -458.45 3.64315390587
11800 24000 -509.087118644 -422.74 3.0119740963
11900 24000 -508.628067227 -454.46 3.50707197189
12000 24000 -508.317666667 -471.38 3.4155330658
12100 24000 -507.917272727 -459.87 34.2890818119
12200 24000 -507.12704918 -411.51 2.74573087692
12300 24000 -506.086178862 -379.1 2.59390807152
12400 24000 -505.156693548 -390.83 3.51442289352
12500 24000 -504.2192 -387.97 2.52463817596
12600 24000 -503.243015873 -381.22 3.55061602592
12700 24000 -501.765905512 -315.65 2.49262404442
12800 24000 -500.8203125 -380.73 3.43353700638
12900 24000 -499.162790698 -287.0 3.28675699234
13000 24000 -497.503307692 -283.43 2.39601492882
13100 24000 -496.333969466 -344.32 3.02247881889
13200 24000 -495.061212121 -328.33 2.62650895119
13300 24000 -493.775488722 -324.06 3.07345509529
13400 24000 -492.360820896 -304.21 2.49177098274
13500 24000 -490.352814815 -221.28 3.31411290169
13600 24000 -488.882794118 -290.43 2.84017491341
13700 24000 -487.464817518 -294.62 3.1862821579
13800 24000 -485.931376812 -275.85 2.48015403748
13900 24000 -483.965611511 -212.69 3.13151597977
14000 24000 -482.9905 -347.45 2.93605399132
14100 24000 -481.613687943 -288.86 3.17076897621
14200 24000 -480.172042254 -276.9 3.61697793007
14300 24000 -478.287132867 -210.63 2.35433602333
14400 24000 -477.048958333 -299.99 3.6007540226
14500 24000 -475.417655172 -240.51 33.6633958817
14600 24000 -474.269178082 -307.74 2.71715402603
14700 24000 -472.856190476 -266.56 3.21779799461
14800 24000 -471.688108108 -299.98 2.10011100769
14900 24000 -470.089731544 -233.53 2.92755413055
15000 24000 -468.3202 -204.66 2.77749800682
15100 24000 -466.980198675 -265.98 2.91152000427
15200 24000 -465.402828947 -227.22 3.08720803261
15300 24000 -464.232352941 -286.32 2.866314888
15400 24000 -462.723311688 -231.84 2.7628929615
15500 24000 -461.04883871 -203.18 2.40584301949
15600 24000 -459.527948718 -223.79 3.21326708794
15700 24000 -457.98343949 -217.04 2.66636896133
15800 24000 -456.493291139 -222.54 3.10805797577
15900 24000 -454.780188679 -184.11 2.52580714226
16000 24000 -452.521 -93.31 1.82637095451
16100 24000 -451.213043478 -241.94 3.83197402954
16200 24000 -449.358950617 -150.85 2.27801084518
16300 24000 -447.964294479 -222.03 3.19733190536
16400 24000 -447.101158537 -306.41 2.60092020035
16500 24000 -446.072727273 -277.41 3.48127198219
16600 24000 -444.473855422 -180.66 2.26490712166
16700 24000 -443.184311377 -229.12 2.91021609306
16800 24000 -441.639464286 -183.65 2.52300906181
16900 24000 -440.031242604 -169.85 41.0698339939
17000 24000 -438.465 -173.77 2.77320098877
17100 24000 -436.787251462 -151.57 3.73011898994
17200 24000 -435.403255814 -198.74 2.27221918106
17300 24000 -433.633410405 -129.22 3.48700404167
17400 24000 -432.417068966 -221.99 2.31497001648
17500 24000 -431.228114286 -224.35 3.72141003609
17600 24000 -429.437954545 -116.16 2.13715600967
17700 24000 -427.818135593 -142.73 3.70967197418
17800 24000 -426.772303371 -241.66 2.33218288422
17900 24000 -424.995586592 -108.74 3.24376606941
18000 24000 -423.061555556 -76.87 2.26853823662
18100 24000 -421.478895028 -136.6 2.55289387703
18200 24000 -419.804450549 -116.73 2.36867594719
18300 24000 -418.224918033 -130.75 3.09916806221
18400 24000 -416.481086957 -97.36 2.33028578758
18500 24000 -414.979351351 -138.66 7.28838396072
18600 24000 -414.050215054 -242.16 3.29192709923
18700 24000 -412.452727273 -115.32 1.94851207733
18800 24000 -410.28106383 -4.18 2.01663708687
18900 24000 -409.058677249 -179.25 3.09208989143
19000 24000 -407.330894737 -80.78 2.46517682076
19100 24000 -405.613403141 -79.29 2.954859972
19200 24000 -403.698958333 -38.04 2.37302398682
19300 24000 -402.386632124 -150.42 41.350151062
19400 24000 -400.719587629 -78.98 2.33900499344
19500 24000 -399.10174359 -85.24 2.13946700096
19600 24000 -397.148367347 -16.24 2.84585499763
19700 24000 -395.261725888 -25.48 2.0006840229
19800 24000 -393.388282828 -24.32 2.64748978615
19900 24000 -391.529145729 -23.42 2.06496906281
20000 24000 -390.0612 -97.94 2.71026206017
20100 24000 -388.297512438 -35.56 2.41562914848
20200 24000 -386.683465347 -62.26 3.26142692566
20300 24000 -384.943842365 -33.54 2.03966784477
20400 24000 -383.329117647 -55.54 2.07087492943
20500 24000 -381.718146341 -53.08 2.37905716896
20600 24000 -379.613446602 51.85 1.93536710739
20700 24000 -377.892850242 -23.45 2.07964801788
20800 24000 -376.106201923 -6.27 2.88120913506
20900 24000 -374.525502392 -45.74 2.14683794975
21000 24000 -373.147380952 -85.12 2.72929286957
21100 24000 -371.988056872 -128.53 2.2077050209
21200 24000 -370.246462264 -2.77 2.70329189301
21300 24000 -368.544460094 -7.72 2.26344799995
21400 24000 -366.689392523 28.44 3.23210692406
21500 24000 -364.793581395 40.91 1.70134019852
21600 24000 -363.597222222 -106.38 2.69336390495
21700 24000 -362.137557604 -46.85 45.0356628895
21800 24000 -361.014495413 -117.31 2.12072896957
21900 24000 -359.161004566 44.9 2.93432998657
22000 24000 -357.509045455 4.27 2.13188385963
22100 24000 -356.370452489 -105.88 2.75729990005
22200 24000 -354.495 59.98 1.77741003036
22300 24000 -352.728026906 39.54 2.65191578865
22400 24000 -351.273125 -26.83 2.25512695312
22500 24000 -350.006933333 -66.38 2.31487989426
22600 24000 -348.376814159 18.4 2.49384284019
22700 24000 -346.909911894 -15.39 2.14402198792
22800 24000 -345.214561404 39.63 2.59745502472
22900 24000 -343.411703057 67.64 1.98790597916
23000 24000 -342.099130435 -41.52 2.0399479866
23100 24000 -340.266017316 81.35 2.28685903549
23200 24000 -338.37737069 97.9 1.96424221992
23300 24000 -336.625579399 69.79 2.60837101936
23400 24000 -335.246752137 -13.98 1.97114610672
23500 24000 -333.702340426 27.69 2.61608910561
23600 24000 -331.943601695 81.36 1.78454709053
23700 24000 -330.333375527 49.68 1.87359690666
23800 24000 -328.690168067 60.75 1.75557684898
23900 24000 -327.255941423 14.09 2.91179084778
24000 24000 -325.901708333 -2.24 1.91369795799
Training Done (turning off epsilon and alpha)
---------------------------------------------
Pacman emerges victorious! Score: 527
Pacman emerges victorious! Score: 527
Pacman emerges victorious! Score: 527
Pacman emerges victorious! Score: 529
Pacman emerges victorious! Score: 527
Pacman emerges victorious! Score: 527
Pacman emerges victorious! Score: 529
Pacman emerges victorious! Score: 529
Pacman emerges victorious! Score: 529
Pacman emerges victorious! Score: 529
Pacman emerges victorious! Score: 529
Pacman emerges victorious! Score: 529
Pacman emerges victorious! Score: 529
Pacman emerges victorious! Score: 529
Pacman emerges victorious! Score: 529
Pacman emerges victorious! Score: 529
Pacman emerges victorious! Score: 527
Pacman emerges victorious! Score: 529
Pacman emerges victorious! Score: 527
Pacman emerges victorious! Score: 527
Pacman emerges victorious! Score: 527
Pacman emerges victorious! Score: 529
Pacman emerges victorious! Score: 529
Pacman died! Score: -506
Pacman emerges victorious! Score: 529
Pacman emerges victorious! Score: 529
Pacman emerges victorious! Score: 523
Pacman emerges victorious! Score: 527
Pacman emerges victorious! Score: 529
Pacman emerges victorious! Score: 529
Pacman emerges victorious! Score: 529
Pacman emerges victorious! Score: 529
Pacman emerges victorious! Score: 529
Pacman emerges victorious! Score: 529
Pacman emerges victorious! Score: 529
Pacman emerges victorious! Score: 527
Pacman emerges victorious! Score: 527
Pacman emerges victorious! Score: 529
Pacman emerges victorious! Score: 529
Pacman died! Score: -532
Pacman emerges victorious! Score: 527
Pacman emerges victorious! Score: 523
Pacman emerges victorious! Score: 529
Pacman emerges victorious! Score: 529
Pacman emerges victorious! Score: 529
Pacman died! Score: -520
Pacman emerges victorious! Score: 529
Pacman emerges victorious! Score: 529
Pacman emerges victorious! Score: 525
Pacman emerges victorious! Score: 527
Pacman emerges victorious! Score: 527
Pacman emerges victorious! Score: 529
Pacman emerges victorious! Score: 529
Pacman emerges victorious! Score: 529
Pacman emerges victorious! Score: 527
Pacman emerges victorious! Score: 529
Pacman emerges victorious! Score: 526
Pacman emerges victorious! Score: 525
Pacman emerges victorious! Score: 529
Pacman emerges victorious! Score: 529
Pacman emerges victorious! Score: 529
Pacman died! Score: -555
Pacman emerges victorious! Score: 529
Pacman emerges victorious! Score: 529
Pacman emerges victorious! Score: 529
Pacman emerges victorious! Score: 517
Pacman emerges victorious! Score: 527
Pacman emerges victorious! Score: 529
Pacman emerges victorious! Score: 529
Pacman emerges victorious! Score: 527
Pacman emerges victorious! Score: 529
Pacman emerges victorious! Score: 524
Pacman emerges victorious! Score: 527
Pacman emerges victorious! Score: 529
Pacman emerges victorious! Score: 527
Pacman emerges victorious! Score: 526
Pacman emerges victorious! Score: 525
Pacman emerges victorious! Score: 529
Pacman emerges victorious! Score: 529
Pacman died! Score: -520
Pacman emerges victorious! Score: 529
Pacman emerges victorious! Score: 529
Pacman emerges victorious! Score: 529
Pacman emerges victorious! Score: 527
Pacman died! Score: -536
Pacman emerges victorious! Score: 529
Pacman emerges victorious! Score: 525
Pacman emerges victorious! Score: 529
Pacman emerges victorious! Score: 529
Pacman emerges victorious! Score: 529
Pacman emerges victorious! Score: 527
Pacman emerges victorious! Score: 529
Pacman died! Score: -517
Pacman died! Score: -503
Pacman emerges victorious! Score: 529
Pacman emerges victorious! Score: 527
Pacman emerges victorious! Score: 527
Pacman emerges victorious! Score: 529
Pacman emerges victorious! Score: 526
Pacman emerges victorious! Score: 529
Average Score: 443.77
Scores:        527.0, 527.0, 527.0, 529.0, 527.0, 527.0, 529.0, 529.0, 529.0, 529.0, 529.0, 529.0, 529.0, 529.0, 529.0, 529.0, 527.0, 529.0, 527.0, 527.0, 527.0, 529.0, 529.0, -506.0, 529.0, 529.0, 523.0, 527.0, 529.0, 529.0, 529.0, 529.0, 529.0, 529.0, 529.0, 527.0, 527.0, 529.0, 529.0, -532.0, 527.0, 523.0, 529.0, 529.0, 529.0, -520.0, 529.0, 529.0, 525.0, 527.0, 527.0, 529.0, 529.0, 529.0, 527.0, 529.0, 526.0, 525.0, 529.0, 529.0, 529.0, -555.0, 529.0, 529.0, 529.0, 517.0, 527.0, 529.0, 529.0, 527.0, 529.0, 524.0, 527.0, 529.0, 527.0, 526.0, 525.0, 529.0, 529.0, -520.0, 529.0, 529.0, 529.0, 527.0, -536.0, 529.0, 525.0, 529.0, 529.0, 529.0, 527.0, 529.0, -517.0, -503.0, 529.0, 527.0, 527.0, 529.0, 526.0, 529.0
Win Rate:      92/100 (0.92)
Record:        Win, Win, Win, Win, Win, Win, Win, Win, Win, Win, Win, Win, Win, Win, Win, Win, Win, Win, Win, Win, Win, Win, Win, Loss, Win, Win, Win, Win, Win, Win, Win, Win, Win, Win, Win, Win, Win, Win, Win, Loss, Win, Win, Win, Win, Win, Loss, Win, Win, Win, Win, Win, Win, Win, Win, Win, Win, Win, Win, Win, Win, Win, Loss, Win, Win, Win, Win, Win, Win, Win, Win, Win, Win, Win, Win, Win, Win, Win, Win, Win, Loss, Win, Win, Win, Win, Loss, Win, Win, Win, Win, Win, Win, Win, Loss, Loss, Win, Win, Win, Win, Win, Win
