Beginning 24000 episodes of Training
100 24000 -523.86 -523.86 2.57856583595
200 24000 -519.04 -514.22 2.58787488937
300 24000 -517.816666667 -515.37 2.64700293541
400 24000 -517.155 -515.17 2.70864105225
500 24000 -516.51 -513.93 2.93207120895
600 24000 -516.608333333 -517.1 3.0259809494
700 24000 -516.67 -517.04 3.46209788322
800 24000 -516.59 -516.03 2.9892680645
900 24000 -516.532222222 -516.07 3.66014814377
1000 24000 -516.177 -512.98 2.43631005287
1100 24000 -516.104545455 -515.38 2.64815711975
1200 24000 -516.225833333 -517.56 3.47096610069
1300 24000 -515.949230769 -512.63 2.44312882423
1400 24000 -515.748571429 -513.14 2.53470993042
1500 24000 -515.653333333 -514.32 2.64420104027
1600 24000 -515.4075 -511.72 2.43036317825
1700 24000 -515.26 -512.9 3.24127006531
1800 24000 -515.314444444 -516.24 2.70050382614
1900 24000 -515.134210526 -511.89 2.42562198639
2000 24000 -515.125 -514.95 2.88726496696
2100 24000 -514.93047619 -511.04 2.65049815178
2200 24000 -514.971818182 -515.84 2.80803894997
2300 24000 -514.979565217 -515.15 3.69966387749
2400 24000 -514.818333333 -511.11 2.46135687828
2500 24000 -514.848 -515.56 11.2671048641
2600 24000 -514.870769231 -515.44 2.85465812683
2700 24000 -514.933703704 -516.57 2.86818695068
2800 24000 -514.867142857 -513.07 2.56968688965
2900 24000 -514.851034483 -514.4 2.82671284676
3000 24000 -515.013333333 -519.72 3.26944088936
3100 24000 -514.955483871 -513.22 2.7081451416
3200 24000 -515.0225 -517.1 4.05520391464
3300 24000 -515.059090909 -516.23 3.16037487984
3400 24000 -515.07 -515.43 2.8602001667
3500 24000 -515.088857143 -515.73 3.04795503616
3600 24000 -515.077777778 -514.69 3.03816795349
3700 24000 -515.151621622 -517.81 3.15729022026
3800 24000 -515.142368421 -514.8 2.9560880661
3900 24000 -515.101538462 -513.55 2.75564289093
4000 24000 -515.0335 -512.38 3.72009801865
4100 24000 -515.017804878 -514.39 3.01768803596
4200 24000 -514.947380952 -512.06 3.12625408173
4300 24000 -514.997906977 -517.12 4.51423692703
4400 24000 -515.013181818 -515.67 2.7018301487
4500 24000 -515.005555556 -514.67 2.75432515144
4600 24000 -515.09826087 -519.27 3.03159594536
4700 24000 -515.141276596 -517.12 2.90187597275
4800 24000 -515.1225 -514.24 2.62744998932
4900 24000 -515.139183673 -515.94 15.7687411308
5000 24000 -515.1348 -514.92 2.73364686966
5100 24000 -515.161372549 -516.49 2.8683578968
5200 24000 -515.150192308 -514.58 3.38974809647
5300 24000 -515.10509434 -512.76 2.70539808273
5400 24000 -515.083518519 -513.94 3.49318218231
5500 24000 -515.086545455 -515.25 3.07813000679
5600 24000 -515.26625 -525.15 3.83154916763
5700 24000 -515.08754386 -505.08 4.58782315254
5800 24000 -514.851896552 -501.42 3.27547883987
5900 24000 -514.836271186 -513.93 2.65712094307
6000 24000 -514.621666667 -501.96 3.36073803902
6100 24000 -514.678032787 -518.06 2.95455408096
6200 24000 -514.703870968 -516.28 3.6179959774
6300 24000 -514.492698413 -501.4 2.54326200485
6400 24000 -514.181875 -494.6 2.73452401161
6500 24000 -514.039846154 -504.95 3.6107199192
6600 24000 -513.596060606 -484.75 3.0190551281
6700 24000 -513.025074627 -475.34 3.4250690937
6800 24000 -512.737647059 -493.48 3.4777340889
6900 24000 -512.506666667 -496.8 3.03325796127
7000 24000 -512.146 -487.26 3.80470705032
7100 24000 -511.986760563 -500.84 2.51252484322
7200 24000 -511.633055556 -486.52 3.85652184486
7300 24000 -511.32739726 -489.32 23.788381815
7400 24000 -510.502837838 -450.31 3.35531401634
7500 24000 -509.907333333 -465.84 2.94621992111
7600 24000 -509.485789474 -477.87 3.09776592255
7700 24000 -508.711038961 -449.83 2.49490094185
7800 24000 -507.839487179 -440.73 2.62674808502
7900 24000 -505.756582278 -343.29 2.99013495445
8000 24000 -504.40325 -397.49 2.48812603951
8100 24000 -502.185061728 -324.73 2.36488223076
8200 24000 -500.378658537 -354.06 2.28085494041
8300 24000 -498.14313253 -314.83 2.43417406082
8400 24000 -496.4375 -354.87 2.43164420128
8500 24000 -493.337294118 -232.92 3.18651890755
8600 24000 -490.655813953 -262.73 2.32464504242
8700 24000 -487.808275862 -242.92 2.37716698647
8800 24000 -485.476818182 -282.64 2.29189705849
8900 24000 -481.807865169 -158.94 2.13216519356
9000 24000 -478.530222222 -186.82 1.94720196724
9100 24000 -475.614065934 -213.16 2.41319513321
9200 24000 -472.158586957 -157.71 2.81645298004
9300 24000 -467.656129032 -53.43 1.94401407242
9400 24000 -464.043297872 -128.05 2.12805914879
9500 24000 -459.671578947 -48.73 2.4936850071
9600 24000 -455.145625 -25.18 2.55695104599
9700 24000 -450.379587629 7.16 27.8534991741
9800 24000 -446.341632653 -54.66 1.94786405563
9900 24000 -442.400707071 -56.19 2.1780090332
10000 24000 -437.0619 91.48 1.69628500938
10100 24000 -433.604455446 -87.86 2.97423887253
10200 24000 -429.669117647 -32.2 1.89375686646
10300 24000 -425.325145631 17.76 1.85619783401
10400 24000 -421.645769231 -42.67 2.67713785172
10500 24000 -417.088190476 56.9 1.95619392395
10600 24000 -412.783396226 39.22 1.86752414703
10700 24000 -408.750280374 18.76 1.86934709549
10800 24000 -405.447685185 -52.07 1.79045295715
10900 24000 -401.086238532 69.95 2.61943101883
11000 24000 -397.462181818 -2.44 1.87205600739
11100 24000 -393.709189189 19.12 1.80890798569
11200 24000 -389.754196429 49.25 1.79697799683
11300 24000 -385.764336283 61.1 2.47157096863
11400 24000 -382.403070175 -2.58 1.87238192558
11500 24000 -378.941826087 15.64 2.00151896477
11600 24000 -375.566465517 12.6 3.05500102043
11700 24000 -372.373760684 -2.02 1.81530785561
11800 24000 -368.988220339 27.12 1.92891216278
11900 24000 -365.572857143 37.44 1.90991592407
12000 24000 -361.33625 142.82 2.42709803581
12100 24000 -358.382809917 -3.97 27.6859169006
12200 24000 -354.289508197 141.0 1.90731096268
12300 24000 -349.643902439 217.12 2.16066479683
12400 24000 -345.741612903 134.24 1.54834985733
12500 24000 -341.90696 133.59 1.97968506813
12600 24000 -338.069206349 141.65 2.20181417465
12700 24000 -334.612755906 100.9 1.69463014603
12800 24000 -330.483203125 193.97 2.47446107864
12900 24000 -326.897131783 132.12 1.61875987053
13000 24000 -322.673769231 222.14 2.19491291046
13100 24000 -319.519923664 90.48 2.17809104919
13200 24000 -315.218030303 248.33 1.37660503387
13300 24000 -311.865864662 130.62 2.6059718132
13400 24000 -308.311641791 164.4 1.59590601921
13500 24000 -305.037555556 133.69 1.69512987137
13600 24000 -301.051911765 237.01 2.11131381989
13700 24000 -297.675036496 161.58 1.75453495979
13800 24000 -293.88 226.04 1.76495194435
13900 24000 -290.596978417 162.46 2.21680092812
14000 24000 -287.440357143 151.33 1.77453494072
14100 24000 -284.091985816 184.68 2.34624290466
14200 24000 -280.435774648 235.09 1.69583010674
14300 24000 -277.617832168 122.53 1.99759793282
14400 24000 -274.188680556 216.18 2.054074049
14500 24000 -270.746068966 224.99 29.4372909069
14600 24000 -267.641849315 182.47 1.71717405319
14700 24000 -264.219659864 235.42 1.64178991318
14800 24000 -260.989459459 213.85 1.98558998108
14900 24000 -258.127449664 165.45 1.97848796844
15000 24000 -255.3194 163.08 2.6515390873
15100 24000 -252.764503311 130.47 1.89481306076
15200 24000 -250.101776316 151.97 1.86786699295
15300 24000 -247.210392157 192.28 1.8451731205
15400 24000 -244.415649351 183.18 1.76578998566
15500 24000 -241.542322581 200.95 1.87458109856
15600 24000 -238.875448718 174.49 1.58050608635
15700 24000 -235.984076433 215.07 2.03578710556
15800 24000 -232.796708861 267.62 1.76950907707
15900 24000 -230.043333333 204.99 1.55323696136
16000 24000 -227.3295625 204.16 2.35533094406
16100 24000 -224.39378882 245.33 1.72625899315
16200 24000 -222.277777778 118.4 2.26629495621
16300 24000 -219.539815951 224.01 2.18253803253
16400 24000 -216.408902439 293.93 1.74180006981
16500 24000 -213.784060606 216.69 2.11793804169
16600 24000 -211.268012048 203.88 1.83975815773
16700 24000 -208.786586826 203.13 1.85352301598
16800 24000 -207.005714286 90.4 2.47058010101
16900 24000 -204.627751479 194.87 35.4442920685
17000 24000 -202.354411765 181.84 1.76815509796
17100 24000 -199.481403509 288.93 1.82205510139
17200 24000 -197.186511628 195.24 1.89094495773
17300 24000 -195.154971098 154.27 1.60618185997
17400 24000 -192.750862069 223.16 2.48881077766
17500 24000 -190.422114286 214.78 1.61395788193
17600 24000 -187.895 254.35 1.79155516624
17700 24000 -185.677627119 204.58 2.24533295631
17800 24000 -183.535168539 195.68 1.51608395576
17900 24000 -181.471117318 185.93 1.80448889732
18000 24000 -179.032777778 257.43 1.83533787727
18100 24000 -176.683922652 246.11 1.50109100342
18200 24000 -174.705824176 183.33 2.16458511353
18300 24000 -172.166612022 289.97 1.5758368969
18400 24000 -170.007826087 225.05 1.61456489563
18500 24000 -167.473675676 298.81 1.92512607574
18600 24000 -164.741505376 340.71 1.57437801361
18700 24000 -162.72171123 212.96 1.7198548317
18800 24000 -160.479734043 258.77 1.97174620628
18900 24000 -158.164285714 277.14 1.69151306152
19000 24000 -155.976157895 257.58 1.43431305885
19100 24000 -153.969319372 227.33 2.08995604515
19200 24000 -151.823489583 258.03 1.54464817047
19300 24000 -149.595751295 278.13 32.8805959225
19400 24000 -147.487113402 259.48 1.34916615486
19500 24000 -145.796051282 182.27 1.78233289719
19600 24000 -143.790561224 247.28 1.47914791107
19700 24000 -141.904923858 227.68 1.42995810509
19800 24000 -139.781767677 278.48 1.38982892036
19900 24000 -137.941306533 226.47 1.5121319294
20000 24000 -136.3451 181.3 1.83234405518
20100 24000 -134.230646766 288.66 1.39803814888
20200 24000 -132.297128713 256.34 1.53411889076
20300 24000 -130.123743842 308.9 1.34600305557
20400 24000 -128.328627451 236.08 2.15132308006
20500 24000 -126.602390244 225.55 1.74778580666
20600 24000 -124.229271845 362.26 1.23564600945
20700 24000 -122.430241546 248.17 1.9328520298
20800 24000 -120.752884615 226.46 1.7831659317
20900 24000 -118.691626794 310.05 1.3452038765
21000 24000 -116.606619048 319.16 1.38116192818
21100 24000 -114.925829384 238.04 2.14277720451
21200 24000 -113.426273585 202.98 1.80398392677
21300 24000 -111.484366197 300.2 1.28194689751
21400 24000 -109.374392523 340.05 2.16703701019
21500 24000 -107.138186047 371.41 1.26540589333
21600 24000 -104.925185185 370.87 1.32682776451
21700 24000 -102.877465438 339.43 36.2813949585
21800 24000 -100.743669725 362.29 1.19555902481
21900 24000 -98.8670776256 310.23 1.3287358284
22000 24000 -97.1485454545 279.21 1.31564593315
22100 24000 -95.2150226244 330.16 1.29833006859
22200 24000 -93.723018018 236.01 1.51740407944
22300 24000 -92.1976681614 246.43 2.3019721508
22400 24000 -90.4972321429 288.7 1.41808891296
22500 24000 -88.4879555556 361.59 1.27547121048
22600 24000 -86.9103539823 268.05 1.42889308929
22700 24000 -85.1152863436 320.57 1.71220803261
22800 24000 -83.6514035088 248.65 1.77019000053
22900 24000 -81.7596943231 349.55 1.42203998566
23000 24000 -79.7936521739 370.43 1.3659529686
23100 24000 -78.0645454545 319.63 1.38488101959
23200 24000 -76.2142241379 351.21 1.27413105965
23300 24000 -74.5198283262 318.58 1.80555605888
23400 24000 -72.6602991453 360.61 1.79874396324
23500 24000 -70.9025957447 340.4 1.32176804543
23600 24000 -69.2024576271 330.33 1.58449292183
23700 24000 -67.5152320675 330.67 2.16787791252
23800 24000 -65.9723529412 299.69 1.45756578445
23900 24000 -64.6756485356 243.94 1.69288492203
24000 24000 -62.8980833333 361.94 1.86770296097
Training Done (turning off epsilon and alpha)
---------------------------------------------
Pacman emerges victorious! Score: 527
Pacman emerges victorious! Score: 528
Pacman emerges victorious! Score: 525
Pacman died! Score: -495
Pacman emerges victorious! Score: 525
Pacman emerges victorious! Score: 529
Pacman emerges victorious! Score: 529
Pacman emerges victorious! Score: 529
Pacman emerges victorious! Score: 529
Pacman emerges victorious! Score: 529
Pacman emerges victorious! Score: 529
Pacman emerges victorious! Score: 527
Pacman emerges victorious! Score: 525
Pacman died! Score: -500
Pacman emerges victorious! Score: 529
Pacman emerges victorious! Score: 529
Pacman emerges victorious! Score: 529
Pacman emerges victorious! Score: 529
Pacman emerges victorious! Score: 527
Pacman emerges victorious! Score: 529
Pacman emerges victorious! Score: 529
Pacman emerges victorious! Score: 527
Pacman emerges victorious! Score: 527
Pacman emerges victorious! Score: 527
Pacman died! Score: -513
Pacman emerges victorious! Score: 529
Pacman emerges victorious! Score: 527
Pacman emerges victorious! Score: 529
Pacman died! Score: -488
Pacman emerges victorious! Score: 527
Pacman emerges victorious! Score: 529
Pacman emerges victorious! Score: 529
Pacman emerges victorious! Score: 529
Pacman emerges victorious! Score: 525
Pacman emerges victorious! Score: 527
Pacman emerges victorious! Score: 527
Pacman emerges victorious! Score: 529
Pacman emerges victorious! Score: 529
Pacman emerges victorious! Score: 529
Pacman emerges victorious! Score: 527
Pacman emerges victorious! Score: 529
Pacman emerges victorious! Score: 527
Pacman emerges victorious! Score: 529
Pacman emerges victorious! Score: 527
Pacman emerges victorious! Score: 527
Pacman died! Score: -532
Pacman emerges victorious! Score: 529
Pacman emerges victorious! Score: 529
Pacman emerges victorious! Score: 529
Pacman emerges victorious! Score: 529
Pacman emerges victorious! Score: 525
Pacman emerges victorious! Score: 529
Pacman died! Score: -518
Pacman emerges victorious! Score: 529
Pacman emerges victorious! Score: 529
Pacman emerges victorious! Score: 525
Pacman emerges victorious! Score: 529
Pacman emerges victorious! Score: 529
Pacman died! Score: -513
Pacman emerges victorious! Score: 529
Pacman died! Score: -591
Pacman emerges victorious! Score: 529
Pacman emerges victorious! Score: 529
Pacman emerges victorious! Score: 529
Pacman emerges victorious! Score: 529
Pacman emerges victorious! Score: 529
Pacman died! Score: -493
Pacman emerges victorious! Score: 529
Pacman died! Score: -500
Pacman emerges victorious! Score: 529
Pacman emerges victorious! Score: 527
Pacman emerges victorious! Score: 527
Pacman emerges victorious! Score: 529
Pacman emerges victorious! Score: 529
Pacman emerges victorious! Score: 529
Pacman died! Score: -483
Pacman emerges victorious! Score: 529
Pacman emerges victorious! Score: 523
Pacman died! Score: -504
Pacman emerges victorious! Score: 529
Pacman emerges victorious! Score: 529
Pacman emerges victorious! Score: 527
Pacman emerges victorious! Score: 529
Pacman emerges victorious! Score: 529
Pacman emerges victorious! Score: 525
Pacman died! Score: -508
Pacman emerges victorious! Score: 529
Pacman emerges victorious! Score: 529
Pacman emerges victorious! Score: 525
Pacman emerges victorious! Score: 529
Pacman emerges victorious! Score: 529
Pacman emerges victorious! Score: 529
Pacman emerges victorious! Score: 527
Pacman emerges victorious! Score: 529
Pacman emerges victorious! Score: 529
Pacman emerges victorious! Score: 527
Pacman emerges victorious! Score: 529
Pacman emerges victorious! Score: 527
Pacman emerges victorious! Score: 529
Pacman emerges victorious! Score: 529
Average Score: 393.06
Scores:        527.0, 528.0, 525.0, -495.0, 525.0, 529.0, 529.0, 529.0, 529.0, 529.0, 529.0, 527.0, 525.0, -500.0, 529.0, 529.0, 529.0, 529.0, 527.0, 529.0, 529.0, 527.0, 527.0, 527.0, -513.0, 529.0, 527.0, 529.0, -488.0, 527.0, 529.0, 529.0, 529.0, 525.0, 527.0, 527.0, 529.0, 529.0, 529.0, 527.0, 529.0, 527.0, 529.0, 527.0, 527.0, -532.0, 529.0, 529.0, 529.0, 529.0, 525.0, 529.0, -518.0, 529.0, 529.0, 525.0, 529.0, 529.0, -513.0, 529.0, -591.0, 529.0, 529.0, 529.0, 529.0, 529.0, -493.0, 529.0, -500.0, 529.0, 527.0, 527.0, 529.0, 529.0, 529.0, -483.0, 529.0, 523.0, -504.0, 529.0, 529.0, 527.0, 529.0, 529.0, 525.0, -508.0, 529.0, 529.0, 525.0, 529.0, 529.0, 529.0, 527.0, 529.0, 529.0, 527.0, 529.0, 527.0, 529.0, 529.0
Win Rate:      87/100 (0.87)
Record:        Win, Win, Win, Loss, Win, Win, Win, Win, Win, Win, Win, Win, Win, Loss, Win, Win, Win, Win, Win, Win, Win, Win, Win, Win, Loss, Win, Win, Win, Loss, Win, Win, Win, Win, Win, Win, Win, Win, Win, Win, Win, Win, Win, Win, Win, Win, Loss, Win, Win, Win, Win, Win, Win, Loss, Win, Win, Win, Win, Win, Loss, Win, Loss, Win, Win, Win, Win, Win, Loss, Win, Loss, Win, Win, Win, Win, Win, Win, Loss, Win, Win, Loss, Win, Win, Win, Win, Win, Win, Loss, Win, Win, Win, Win, Win, Win, Win, Win, Win, Win, Win, Win, Win, Win
