Beginning 24000 episodes of Training
100 24000 -524.75 -524.75 2.59352588654
200 24000 -523.455 -522.16 2.78194212914
300 24000 -520.936666667 -515.9 2.38304710388
400 24000 -520.13 -517.71 2.67067694664
500 24000 -520.002 -519.49 2.73701786995
600 24000 -518.576666667 -511.45 1.97907614708
700 24000 -518.997142857 -521.52 2.94121909142
800 24000 -518.43375 -514.49 2.57292103767
900 24000 -518.29 -517.14 2.34419393539
1000 24000 -517.881 -514.2 2.14885902405
1100 24000 -517.853636364 -517.58 2.97206807137
1200 24000 -517.340833333 -511.7 2.05859494209
1300 24000 -517.433846154 -518.55 2.54875922203
1400 24000 -517.453571429 -517.71 2.49731492996
1500 24000 -517.377333333 -516.31 3.11328220367
1600 24000 -517.200625 -514.55 2.28253006935
1700 24000 -517.243529412 -517.93 2.52417993546
1800 24000 -517.056111111 -513.87 2.25025081635
1900 24000 -517.127894737 -518.42 2.50154590607
2000 24000 -517.4245 -523.06 3.69118499756
2100 24000 -517.147142857 -511.6 2.14001083374
2200 24000 -517.209090909 -518.51 2.53560805321
2300 24000 -517.172608696 -516.37 2.47609591484
2400 24000 -517.08625 -515.1 2.31997394562
2500 24000 -516.9316 -513.22 12.1044199467
2600 24000 -516.968461538 -517.89 2.5744562149
2700 24000 -516.831481481 -513.27 2.14518809319
2800 24000 -516.825 -516.65 2.4515850544
2900 24000 -516.729310345 -514.05 2.35760307312
3000 24000 -516.631333333 -513.79 2.32800507545
3100 24000 -516.601935484 -515.72 2.4241540432
3200 24000 -516.495625 -513.2 2.29588317871
3300 24000 -516.451818182 -515.05 2.45092701912
3400 24000 -516.489705882 -517.74 3.43068194389
3500 24000 -516.462 -515.52 2.45987987518
3600 24000 -516.465277778 -516.58 2.57677197456
3700 24000 -516.408378378 -514.36 3.03048014641
3800 24000 -516.453947368 -518.14 4.10011696815
3900 24000 -516.352307692 -512.49 2.28535699844
4000 24000 -516.3295 -515.44 2.51953315735
4100 24000 -516.31 -515.53 2.76489591599
4200 24000 -516.168333333 -510.36 2.68092799187
4300 24000 -516.204651163 -517.73 2.60378813744
4400 24000 -516.346136364 -522.43 2.99810290337
4500 24000 -516.370666667 -517.45 3.44898319244
4600 24000 -516.257391304 -511.16 2.14519405365
4700 24000 -516.133404255 -510.43 2.98490095139
4800 24000 -516.150416667 -516.95 2.67411398888
4900 24000 -516.13122449 -515.21 18.6927380562
5000 24000 -515.9616 -507.65 3.44598507881
5100 24000 -515.946470588 -515.19 2.49893093109
5200 24000 -515.865192308 -511.72 3.08460783958
5300 24000 -515.815660377 -513.24 2.39380502701
5400 24000 -515.779444444 -513.86 3.06188201904
5500 24000 -515.753636364 -514.36 2.6861269474
5600 24000 -515.707321429 -513.16 2.3727850914
5700 24000 -515.633157895 -511.48 3.05972504616
5800 24000 -515.654310345 -516.86 2.65579319
5900 24000 -515.656440678 -515.78 3.00752711296
6000 24000 -515.682 -517.19 3.01761102676
6100 24000 -515.695245902 -516.49 3.1272790432
6200 24000 -515.693064516 -515.56 2.87753891945
6300 24000 -515.661111111 -513.68 2.74299478531
6400 24000 -515.7215625 -519.53 3.27708506584
6500 24000 -515.645846154 -510.8 2.2377269268
6600 24000 -515.693636364 -518.8 3.55893397331
6700 24000 -515.637761194 -511.95 2.36330413818
6800 24000 -515.637205882 -515.6 3.00463199615
6900 24000 -515.666956522 -517.69 3.08564710617
7000 24000 -515.684285714 -516.88 2.71895098686
7100 24000 -515.627887324 -511.68 2.99375891685
7200 24000 -515.686111111 -519.82 3.08302903175
7300 24000 -515.64739726 -512.86 23.5745589733
7400 24000 -515.463513514 -502.04 3.20039200783
7500 24000 -515.4176 -512.02 2.35170388222
7600 24000 -515.448421053 -517.76 2.81325507164
7700 24000 -515.493246753 -518.9 3.56127285957
7800 24000 -515.473846154 -513.98 2.49388599396
7900 24000 -515.45164557 -513.72 3.29160690308
8000 24000 -515.43375 -514.02 2.64313292503
8100 24000 -515.45 -516.75 3.51025915146
8200 24000 -515.389268293 -510.47 2.30660200119
8300 24000 -515.424698795 -518.33 3.65460920334
8400 24000 -515.321904762 -506.79 3.37089705467
8500 24000 -515.311647059 -514.45 2.65814900398
8600 24000 -515.313372093 -515.46 3.41257810593
8700 24000 -515.363218391 -519.65 3.35303497314
8800 24000 -515.251136364 -505.5 3.10718894005
8900 24000 -515.337977528 -522.98 4.00118517876
9000 24000 -515.352555556 -516.65 3.04878306389
9100 24000 -515.236373626 -504.78 2.96382308006
9200 24000 -515.302065217 -521.28 3.91123604774
9300 24000 -515.167849462 -502.82 2.5968079567
9400 24000 -515.103829787 -509.15 3.6461288929
9500 24000 -515.121894737 -516.82 3.54160881042
9600 24000 -515.0071875 -504.11 2.61094880104
9700 24000 -515.019690722 -516.22 31.1594660282
9800 24000 -515.00244898 -513.33 2.55271196365
9900 24000 -515.054141414 -520.12 3.69884419441
10000 24000 -515.078 -517.44 2.85202407837
10100 24000 -515.080891089 -515.37 3.48725700378
10200 24000 -514.939803922 -500.69 2.60682702065
10300 24000 -514.98592233 -519.69 3.54093289375
10400 24000 -514.915865385 -507.7 3.65279698372
10500 24000 -514.902380952 -513.5 2.67177987099
10600 24000 -514.894716981 -514.09 3.2267677784
10700 24000 -514.814859813 -506.35 3.58662891388
10800 24000 -514.846759259 -518.26 3.30921006203
10900 24000 -514.74559633 -503.82 4.03185296059
11000 24000 -514.762363636 -516.59 3.54302597046
11100 24000 -514.786936937 -517.49 3.31843900681
11200 24000 -514.579017857 -491.5 3.39065694809
11300 24000 -514.523716814 -508.33 3.12305378914
11400 24000 -514.512192982 -513.21 3.34595799446
11500 24000 -514.450434783 -507.41 3.22197413445
11600 24000 -514.385086207 -506.87 3.31825399399
11700 24000 -514.289230769 -503.17 3.59302401543
11800 24000 -514.083474576 -490.01 2.46344780922
11900 24000 -513.992773109 -503.29 3.43161296844
12000 24000 -513.881166667 -500.6 2.35767292976
12100 24000 -513.919917355 -518.57 33.2258708477
12200 24000 -513.587213115 -473.33 3.39103198051
12300 24000 -513.158943089 -460.91 2.5087761879
12400 24000 -512.848870968 -474.71 3.53096699715
12500 24000 -512.71648 -496.3 3.1111600399
12600 24000 -512.585952381 -496.27 3.28714990616
12700 24000 -512.190787402 -462.4 3.38355398178
12800 24000 -511.963359375 -483.08 2.65387582779
12900 24000 -511.58627907 -463.32 3.36534190178
13000 24000 -511.042461538 -440.89 3.04085707664
13100 24000 -510.91648855 -494.54 3.02755880356
13200 24000 -510.480454545 -453.36 3.52728390694
13300 24000 -509.947819549 -439.64 2.56273603439
13400 24000 -509.78 -487.46 3.57088303566
13500 24000 -509.365185185 -453.78 3.47851681709
13600 24000 -508.990882353 -458.46 2.46768307686
13700 24000 -508.414671533 -430.05 3.40124201775
13800 24000 -507.731811594 -414.18 3.52470993996
13900 24000 -507.487266187 -473.74 3.46716809273
14000 24000 -507.033071429 -443.9 4.03675699234
14100 24000 -506.69787234 -459.77 2.54793381691
14200 24000 -506.215352113 -438.18 3.87880086899
14300 24000 -505.851608392 -454.2 3.47838592529
14400 24000 -505.458333333 -449.22 2.59742116928
14500 24000 -505.107931034 -454.65 43.9706268311
14600 24000 -504.912808219 -476.62 3.64019918442
14700 24000 -504.558027211 -452.76 2.71121907234
14800 24000 -504.345067568 -473.04 3.97330594063
14900 24000 -504.079127517 -464.72 3.3180949688
15000 24000 -503.881666667 -474.46 3.48115110397
15100 24000 -503.29384106 -415.12 4.35253190994
15200 24000 -502.951513158 -451.26 3.27300000191
15300 24000 -502.557189542 -442.62 3.59353208542
15400 24000 -502.276753247 -459.37 3.08359694481
15500 24000 -501.88483871 -441.53 2.79264497757
15600 24000 -501.50275641 -442.28 3.84269380569
15700 24000 -501.250636943 -461.92 2.64613699913
15800 24000 -500.848860759 -437.77 4.33941507339
15900 24000 -500.388993711 -427.73 2.62726998329
16000 24000 -500.011125 -439.93 3.08555698395
16100 24000 -499.433416149 -407.0 2.92380690575
16200 24000 -498.971851852 -424.66 3.03665399551
16300 24000 -498.580613497 -435.2 4.11132693291
16400 24000 -497.926158537 -391.25 2.83574485779
16500 24000 -497.521212121 -431.11 3.35608887672
16600 24000 -497.039879518 -417.62 3.14326000214
16700 24000 -496.460359281 -400.26 3.12334299088
16800 24000 -495.94577381 -410.01 3.33761191368
16900 24000 -495.015680473 -338.76 41.8018400669
17000 24000 -494.457352941 -400.1 3.23229813576
17100 24000 -493.734678363 -370.88 2.85958719254
17200 24000 -493.32377907 -423.06 3.58736801147
17300 24000 -492.702427746 -385.83 3.74913907051
17400 24000 -492.103103448 -388.42 2.84860110283
17500 24000 -491.498228571 -386.25 3.18033504486
17600 24000 -490.393011364 -296.98 2.52453684807
17700 24000 -489.451920904 -323.82 3.12948894501
17800 24000 -488.92494382 -395.65 2.45798802376
17900 24000 -488.409273743 -396.62 3.48976612091
18000 24000 -487.563111111 -336.1 2.68511891365
18100 24000 -486.975359116 -381.18 3.4162170887
18200 24000 -486.330659341 -369.64 3.47342705727
18300 24000 -485.909016393 -409.17 2.69396805763
18400 24000 -485.263423913 -367.12 3.67140102386
18500 24000 -484.654162162 -372.55 3.04838991165
18600 24000 -483.588494624 -286.44 3.05884718895
18700 24000 -482.917112299 -358.04 3.21430301666
18800 24000 -482.267765957 -360.84 3.29517889023
18900 24000 -481.604126984 -356.84 3.21582007408
19000 24000 -480.777578947 -324.56 2.41589403152
19100 24000 -480.251308901 -380.26 3.44454598427
19200 24000 -479.491770833 -334.42 2.51563405991
19300 24000 -478.498963731 -287.88 42.4444100857
19400 24000 -477.710670103 -325.57 2.35124897957
19500 24000 -476.674205128 -275.6 3.15502810478
19600 24000 -475.884030612 -321.8 2.9486811161
19700 24000 -474.748071066 -252.1 2.79033112526
19800 24000 -474.152525253 -356.83 2.8647711277
19900 24000 -473.244170854 -293.39 2.67897796631
20000 24000 -472.6636 -357.13 3.19699192047
20100 24000 -471.633631841 -265.64 2.55435109138
20200 24000 -470.905693069 -324.59 3.05994820595
20300 24000 -469.940640394 -275.0 2.45964384079
20400 24000 -469.003578431 -278.78 2.85658693314
20500 24000 -467.947902439 -252.59 2.46465682983
20600 24000 -467.252718447 -324.74 3.12186384201
20700 24000 -466.31236715 -272.6 2.39897108078
20800 24000 -465.542211538 -306.12 3.05111193657
20900 24000 -464.991052632 -350.35 7.85137009621
21000 24000 -464.028285714 -262.81 3.06653404236
21100 24000 -463.171563981 -283.26 2.27225208282
21200 24000 -462.031556604 -221.49 3.04211091995
21300 24000 -461.091220657 -261.74 2.17321896553
21400 24000 -460.021495327 -232.17 3.07023501396
21500 24000 -459.363162791 -318.48 2.56338405609
21600 24000 -458.071203704 -180.3 2.85991001129
21700 24000 -456.496175115 -116.29 45.2898340225
21800 24000 -455.641192661 -270.11 2.11052489281
21900 24000 -454.723652968 -254.7 3.19549298286
22000 24000 -453.8035 -252.29 2.22760987282
22100 24000 -452.705475113 -211.14 3.10376286507
22200 24000 -451.689369369 -227.13 1.97636985779
22300 24000 -450.565381166 -201.04 3.11698698997
22400 24000 -449.400758929 -189.69 2.31465196609
22500 24000 -448.165377778 -171.44 2.99405288696
22600 24000 -446.87079646 -155.59 1.95082807541
22700 24000 -445.782202643 -199.76 2.92212200165
22800 24000 -444.7875 -218.99 2.05110812187
22900 24000 -443.580873362 -168.47 2.30081510544
23000 24000 -442.70726087 -242.65 3.12427711487
23100 24000 -441.711861472 -212.77 2.35845398903
23200 24000 -440.486034483 -157.32 3.16260290146
23300 24000 -439.725493562 -263.28 2.4539270401
23400 24000 -438.702478632 -200.34 3.21102190018
23500 24000 -437.487191489 -153.11 2.83052706718
23600 24000 -436.424364407 -186.66 2.79487705231
23700 24000 -435.071392405 -115.77 2.39425110817
23800 24000 -433.918445378 -160.67 2.73215508461
23900 24000 -432.862845188 -181.63 3.19634008408
24000 24000 -431.861208333 -192.47 2.35791087151
Training Done (turning off epsilon and alpha)
---------------------------------------------
Pacman emerges victorious! Score: 529
Pacman emerges victorious! Score: 529
Pacman died! Score: -508
Pacman emerges victorious! Score: 529
Pacman emerges victorious! Score: 529
Pacman died! Score: -490
Pacman died! Score: -509
Pacman emerges victorious! Score: 529
Pacman emerges victorious! Score: 529
Pacman emerges victorious! Score: 529
Pacman died! Score: -519
Pacman emerges victorious! Score: 527
Pacman emerges victorious! Score: 529
Pacman emerges victorious! Score: 529
Pacman emerges victorious! Score: 527
Pacman emerges victorious! Score: 529
Pacman emerges victorious! Score: 529
Pacman emerges victorious! Score: 529
Pacman emerges victorious! Score: 529
Pacman emerges victorious! Score: 527
Pacman died! Score: -512
Pacman emerges victorious! Score: 529
Pacman emerges victorious! Score: 529
Pacman emerges victorious! Score: 529
Pacman emerges victorious! Score: 527
Pacman emerges victorious! Score: 529
Pacman emerges victorious! Score: 529
Pacman emerges victorious! Score: 525
Pacman emerges victorious! Score: 529
Pacman died! Score: -520
Pacman emerges victorious! Score: 527
Pacman emerges victorious! Score: 529
Pacman emerges victorious! Score: 529
Pacman emerges victorious! Score: 529
Pacman emerges victorious! Score: 529
Pacman emerges victorious! Score: 527
Pacman emerges victorious! Score: 527
Pacman emerges victorious! Score: 529
Pacman died! Score: -531
Pacman emerges victorious! Score: 525
Pacman emerges victorious! Score: 529
Pacman emerges victorious! Score: 529
Pacman emerges victorious! Score: 527
Pacman emerges victorious! Score: 527
Pacman emerges victorious! Score: 527
Pacman emerges victorious! Score: 527
Pacman emerges victorious! Score: 529
Pacman emerges victorious! Score: 527
Pacman emerges victorious! Score: 529
Pacman emerges victorious! Score: 529
Pacman emerges victorious! Score: 529
Pacman emerges victorious! Score: 529
Pacman emerges victorious! Score: 527
Pacman emerges victorious! Score: 529
Pacman died! Score: -513
Pacman emerges victorious! Score: 529
Pacman emerges victorious! Score: 529
Pacman emerges victorious! Score: 529
Pacman emerges victorious! Score: 529
Pacman emerges victorious! Score: 529
Pacman emerges victorious! Score: 529
Pacman emerges victorious! Score: 529
Pacman died! Score: -586
Pacman emerges victorious! Score: 523
Pacman emerges victorious! Score: 526
Pacman emerges victorious! Score: 529
Pacman emerges victorious! Score: 529
Pacman emerges victorious! Score: 529
Pacman emerges victorious! Score: 529
Pacman emerges victorious! Score: 529
Pacman emerges victorious! Score: 527
Pacman emerges victorious! Score: 527
Pacman emerges victorious! Score: 529
Pacman died! Score: -501
Pacman emerges victorious! Score: 529
Pacman emerges victorious! Score: 529
Pacman died! Score: -486
Pacman emerges victorious! Score: 529
Pacman emerges victorious! Score: 529
Pacman emerges victorious! Score: 527
Pacman emerges victorious! Score: 529
Pacman emerges victorious! Score: 519
Pacman emerges victorious! Score: 527
Pacman emerges victorious! Score: 529
Pacman emerges victorious! Score: 527
Pacman emerges victorious! Score: 529
Pacman emerges victorious! Score: 527
Pacman emerges victorious! Score: 527
Pacman emerges victorious! Score: 529
Pacman emerges victorious! Score: 529
Pacman emerges victorious! Score: 527
Pacman died! Score: -525
Pacman emerges victorious! Score: 527
Pacman emerges victorious! Score: 529
Pacman died! Score: -497
Pacman died! Score: -495
Pacman emerges victorious! Score: 529
Pacman emerges victorious! Score: 529
Pacman emerges victorious! Score: 529
Pacman emerges victorious! Score: 527
Average Score: 382.29
Scores:        529.0, 529.0, -508.0, 529.0, 529.0, -490.0, -509.0, 529.0, 529.0, 529.0, -519.0, 527.0, 529.0, 529.0, 527.0, 529.0, 529.0, 529.0, 529.0, 527.0, -512.0, 529.0, 529.0, 529.0, 527.0, 529.0, 529.0, 525.0, 529.0, -520.0, 527.0, 529.0, 529.0, 529.0, 529.0, 527.0, 527.0, 529.0, -531.0, 525.0, 529.0, 529.0, 527.0, 527.0, 527.0, 527.0, 529.0, 527.0, 529.0, 529.0, 529.0, 529.0, 527.0, 529.0, -513.0, 529.0, 529.0, 529.0, 529.0, 529.0, 529.0, 529.0, -586.0, 523.0, 526.0, 529.0, 529.0, 529.0, 529.0, 529.0, 527.0, 527.0, 529.0, -501.0, 529.0, 529.0, -486.0, 529.0, 529.0, 527.0, 529.0, 519.0, 527.0, 529.0, 527.0, 529.0, 527.0, 527.0, 529.0, 529.0, 527.0, -525.0, 527.0, 529.0, -497.0, -495.0, 529.0, 529.0, 529.0, 527.0
Win Rate:      86/100 (0.86)
Record:        Win, Win, Loss, Win, Win, Loss, Loss, Win, Win, Win, Loss, Win, Win, Win, Win, Win, Win, Win, Win, Win, Loss, Win, Win, Win, Win, Win, Win, Win, Win, Loss, Win, Win, Win, Win, Win, Win, Win, Win, Loss, Win, Win, Win, Win, Win, Win, Win, Win, Win, Win, Win, Win, Win, Win, Win, Loss, Win, Win, Win, Win, Win, Win, Win, Loss, Win, Win, Win, Win, Win, Win, Win, Win, Win, Win, Loss, Win, Win, Loss, Win, Win, Win, Win, Win, Win, Win, Win, Win, Win, Win, Win, Win, Win, Loss, Win, Win, Loss, Loss, Win, Win, Win, Win
